Resultado da votação do programa ordenado por seção.
 _______________________________ 
|---Candidato---||----Seção-----|
|               ||              |
|	3	||	1	|
|	9	||	1	|
|	1	||	1	|
|	13	||	2	|
|	5	||	3	|
|	1	||	3	|
|	13	||	3	|
|	11	||	4	|
|	3	||	4	|
|	5	||	6	|
|	6	||	7	|
|	10	||	7	|
|	11	||	7	|
|	5	||	8	|
|	12	||	8	|
|	13	||	8	|
|	12	||	8	|
|	12	||	10	|
|	12	||	10	|
|	13	||	10	|
|	8	||	12	|
|	2	||	12	|
|	10	||	13	|
|	6	||	13	|
|	11	||	13	|
|	1	||	14	|
|	12	||	14	|
|	1	||	14	|
|	2	||	14	|
|	1	||	15	|
|	7	||	15	|
|	4	||	16	|
|	8	||	16	|
|	6	||	16	|
|	3	||	17	|
|	13	||	17	|
|	8	||	18	|
|	6	||	18	|
|	5	||	18	|
|	9	||	19	|
|	5	||	20	|
|	1	||	20	|
|	7	||	21	|
|	3	||	22	|
|	2	||	23	|
|	10	||	23	|
|	5	||	23	|
|	11	||	24	|
|	8	||	24	|
|	7	||	25	|
|	6	||	25	|
|	3	||	25	|
|	10	||	25	|
|	13	||	26	|
|	12	||	26	|
|	3	||	26	|
|	8	||	26	|
|	4	||	26	|
|	3	||	27	|
|	6	||	28	|
|	7	||	28	|
|	7	||	28	|
|	7	||	29	|
|	1	||	29	|
|	8	||	30	|
|	13	||	30	|
|_______________||______________|